version https://git-lfs.github.com/spec/v1
oid sha256:1e47eb099cf2f60d5f061f6848062fff4951760a9bf6cd9b5c84002cdf6209af
size 9267
